#event	position	direction	Weight	time(ps)	Stokes	er	el
0	(-0.00330218,0.00195545,-0.999999)	(0,0,1)	1	0	(1,1,0,0)	(0,-1,0)	(1,0,0)
1	(-0.00330218,0.00195545,-1e-06)	(0,0,1)	1	33.3333	(1,1,0,0)	(0,-1,0)	(1,0,0)
2	(-0.00330218,0.00195545,1e-06)	(0,0,1)	1	33.3333	(1,1,0,0)	(0,-1,0)	(1,0,0)
3	(-0.00330218,0.00195545,0.024999)	(0,0,1)	1	34.1666	(1,1,0,0)	(0,-1,0)	(1,0,0)
4	(-0.00330218,0.00195545,0.025001)	(0,0,1)	1	34.1667	(1,1,0,0)	(0,-1,0)	(1,0,0)
5	(-0.00330218,0.00195545,0.026999)	(0,0,1)	1	34.2333	(1,1,0,0)	(0,-1,0)	(1,0,0)
6	(-0.00330218,0.00195545,0.027001)	(0,0,1)	1	34.2333	(1,1,0,0)	(0,-1,0)	(1,0,0)
7	(-0.00330218,0.00195545,0.029999)	(0,0,1)	1	34.3742	(1,1,0,0)	(0,-1,0)	(1,0,0)
8	(-0.00330218,0.00195545,0.030001)	(0,0,1)	1	34.3743	(1,1,0,0)	(0,-1,0)	(1,0,0)
9	(-0.00330218,0.00195545,0.129999)	(0,0,1)	1	37.7076	(1,1,0,0)	(0,-1,0)	(1,0,0)
10	(-0.00330218,0.00195545,0.130001)	(0,0,1)	1	37.7077	(1,1,0,0)	(0,-1,0)	(1,0,0)
11	(-0.00330218,0.00195545,1000.13)	(0,0,1)	1	33371	(1,1,0,0)	(0,-1,0)	(1,0,0)
Distance traveled : 1001.13
Time traveled : 3.3371e-08
#event	position	direction	Weight	time(ps)	Stokes	er	el
0	(-0.00125816,0.00296021,-0.999999)	(0,0,1)	1	0	(1,1,0,0)	(0,-1,0)	(1,0,0)
1	(-0.00125816,0.00296021,-1e-06)	(0,0,1)	1	33.3333	(1,1,0,0)	(0,-1,0)	(1,0,0)
2	(-0.00125816,0.00296021,1e-06)	(0,0,1)	1	33.3333	(1,1,0,0)	(0,-1,0)	(1,0,0)
3	(-0.00125816,0.00296021,0.024999)	(0,0,1)	1	34.1666	(1,1,0,0)	(0,-1,0)	(1,0,0)
4	(-0.00125816,0.00296021,0.025001)	(0,0,1)	1	34.1667	(1,1,0,0)	(0,-1,0)	(1,0,0)
5	(-0.00125816,0.00296021,0.026999)	(0,0,1)	1	34.2333	(1,1,0,0)	(0,-1,0)	(1,0,0)
6	(-0.00125816,0.00296021,0.027001)	(0,0,1)	1	34.2333	(1,1,0,0)	(0,-1,0)	(1,0,0)
7	(-0.00125816,0.00296021,0.029999)	(0,0,1)	1	34.3742	(1,1,0,0)	(0,-1,0)	(1,0,0)
8	(-0.00125816,0.00296021,0.030001)	(0,0,1)	1	34.3743	(1,1,0,0)	(0,-1,0)	(1,0,0)
9	(-0.00125816,0.00296021,0.129999)	(0,0,1)	1	37.7076	(1,1,0,0)	(0,-1,0)	(1,0,0)
10	(-0.00125816,0.00296021,0.130001)	(0,0,1)	1	37.7077	(1,1,0,0)	(0,-1,0)	(1,0,0)
11	(-0.00125816,0.00296021,1000.13)	(0,0,1)	1	33371	(1,1,0,0)	(0,-1,0)	(1,0,0)
Distance traveled : 1001.13
Time traveled : 3.3371e-08
#event	position	direction	Weight	time(ps)	Stokes	er	el
0	(0.00429835,-0.00180848,-0.999999)	(0,0,1)	1	0	(1,1,0,0)	(0,-1,0)	(1,0,0)
1	(0.00429835,-0.00180848,-1e-06)	(0,0,1)	1	33.3333	(1,1,0,0)	(0,-1,0)	(1,0,0)
2	(0.00429835,-0.00180848,1e-06)	(0,0,1)	1	33.3333	(1,1,0,0)	(0,-1,0)	(1,0,0)
3	(0.00429835,-0.00180848,0.024999)	(0,0,1)	1	34.1666	(1,1,0,0)	(0,-1,0)	(1,0,0)
4	(0.00429835,-0.00180848,0.025001)	(0,0,1)	1	34.1667	(1,1,0,0)	(0,-1,0)	(1,0,0)
5	(0.00429835,-0.00180848,0.026999)	(0,0,1)	1	34.2333	(1,1,0,0)	(0,-1,0)	(1,0,0)
6	(0.00429835,-0.00180848,0.027001)	(0,0,1)	1	34.2333	(1,1,0,0)	(0,-1,0)	(1,0,0)
7	(0.00429835,-0.00180848,0.029999)	(0,0,1)	1	34.3742	(1,1,0,0)	(0,-1,0)	(1,0,0)
8	(0.00429835,-0.00180848,0.030001)	(0,0,1)	1	34.3743	(1,1,0,0)	(0,-1,0)	(1,0,0)
9	(0.00429835,-0.00180848,0.129999)	(0,0,1)	1	37.7076	(1,1,0,0)	(0,-1,0)	(1,0,0)
10	(0.00429835,-0.00180848,0.130001)	(0,0,1)	1	37.7077	(1,1,0,0)	(0,-1,0)	(1,0,0)
11	(0.00429835,-0.00180848,1000.13)	(0,0,1)	1	33371	(1,1,0,0)	(0,-1,0)	(1,0,0)
Distance traveled : 1001.13
Time traveled : 3.3371e-08
#event	position	direction	Weight	time(ps)	Stokes	er	el
0	(-0.00394346,0.00276138,-0.999999)	(0,0,1)	1	0	(1,1,0,0)	(0,-1,0)	(1,0,0)
1	(-0.00394346,0.00276138,-1e-06)	(0,0,1)	1	33.3333	(1,1,0,0)	(0,-1,0)	(1,0,0)
2	(-0.00394346,0.00276138,1e-06)	(0,0,1)	1	33.3333	(1,1,0,0)	(0,-1,0)	(1,0,0)
3	(-0.00394346,0.00276138,0.024999)	(0,0,1)	1	34.1666	(1,1,0,0)	(0,-1,0)	(1,0,0)
4	(-0.00394346,0.00276138,0.025001)	(0,0,1)	1	34.1667	(1,1,0,0)	(0,-1,0)	(1,0,0)
5	(-0.00394346,0.00276138,0.026999)	(0,0,1)	1	34.2333	(1,1,0,0)	(0,-1,0)	(1,0,0)
6	(-0.00394346,0.00276138,0.027001)	(0,0,1)	1	34.2333	(1,1,0,0)	(0,-1,0)	(1,0,0)
7	(-0.00394346,0.00276138,0.029999)	(0,0,1)	1	34.3742	(1,1,0,0)	(0,-1,0)	(1,0,0)
8	(-0.00394346,0.00276138,0.030001)	(0,0,1)	1	34.3743	(1,1,0,0)	(0,-1,0)	(1,0,0)
9	(-0.00394346,0.00276138,0.129999)	(0,0,1)	1	37.7076	(1,1,0,0)	(0,-1,0)	(1,0,0)
10	(-0.00394346,0.00276138,0.130001)	(0,0,1)	1	37.7077	(1,1,0,0)	(0,-1,0)	(1,0,0)
11	(-0.00394346,0.00276138,1000.13)	(0,0,1)	1	33371	(1,1,0,0)	(0,-1,0)	(1,0,0)
Distance traveled : 1001.13
Time traveled : 3.3371e-08
#event	position	direction	Weight	time(ps)	Stokes	er	el
0	(0.00144056,0.00221742,-0.999999)	(0,0,1)	1	0	(1,1,0,0)	(0,-1,0)	(1,0,0)
1	(0.00144056,0.00221742,-1e-06)	(0,0,1)	1	33.3333	(1,1,0,0)	(0,-1,0)	(1,0,0)
2	(0.00144056,0.00221742,1e-06)	(0,0,1)	1	33.3333	(1,1,0,0)	(0,-1,0)	(1,0,0)
3	(0.00144056,0.00221742,0.024999)	(0,0,1)	1	34.1666	(1,1,0,0)	(0,-1,0)	(1,0,0)
4	(0.00144056,0.00221742,0.025001)	(0,0,1)	1	34.1667	(1,1,0,0)	(0,-1,0)	(1,0,0)
5	(0.00144056,0.00221742,0.026999)	(0,0,1)	1	34.2333	(1,1,0,0)	(0,-1,0)	(1,0,0)
6	(0.00144056,0.00221742,0.027001)	(0,0,1)	1	34.2333	(1,1,0,0)	(0,-1,0)	(1,0,0)
7	(0.00144056,0.00221742,0.029999)	(0,0,1)	1	34.3742	(1,1,0,0)	(0,-1,0)	(1,0,0)
8	(0.00144056,0.00221742,0.030001)	(0,0,1)	1	34.3743	(1,1,0,0)	(0,-1,0)	(1,0,0)
9	(0.00144056,0.00221742,0.129999)	(0,0,1)	1	37.7076	(1,1,0,0)	(0,-1,0)	(1,0,0)
10	(0.00144056,0.00221742,0.130001)	(0,0,1)	1	37.7077	(1,1,0,0)	(0,-1,0)	(1,0,0)
11	(0.00144056,0.00221742,1000.13)	(0,0,1)	1	33371	(1,1,0,0)	(0,-1,0)	(1,0,0)
Distance traveled : 1001.13
Time traveled : 3.3371e-08
#event	position	direction	Weight	time(ps)	Stokes	er	el
0	(-4.48668e-05,-0.000195368,-0.999999)	(0,0,1)	1	0	(1,1,0,0)	(0,-1,0)	(1,0,0)
1	(-4.48668e-05,-0.000195368,-1e-06)	(0,0,1)	1	33.3333	(1,1,0,0)	(0,-1,0)	(1,0,0)
2	(-4.48668e-05,-0.000195368,1e-06)	(0,0,1)	1	33.3333	(1,1,0,0)	(0,-1,0)	(1,0,0)
3	(-4.48668e-05,-0.000195368,0.024999)	(0,0,1)	1	34.1666	(1,1,0,0)	(0,-1,0)	(1,0,0)
4	(-4.48668e-05,-0.000195368,0.025001)	(0,0,1)	1	34.1667	(1,1,0,0)	(0,-1,0)	(1,0,0)
5	(-4.48668e-05,-0.000195368,0.026999)	(0,0,1)	1	34.2333	(1,1,0,0)	(0,-1,0)	(1,0,0)
6	(-4.48668e-05,-0.000195368,0.027001)	(0,0,1)	1	34.2333	(1,1,0,0)	(0,-1,0)	(1,0,0)
7	(-4.48668e-05,-0.000195368,0.029999)	(0,0,1)	1	34.3742	(1,1,0,0)	(0,-1,0)	(1,0,0)
8	(-4.48668e-05,-0.000195368,0.030001)	(0,0,1)	1	34.3743	(1,1,0,0)	(0,-1,0)	(1,0,0)
9	(-4.48668e-05,-0.000195368,0.129999)	(0,0,1)	1	37.7076	(1,1,0,0)	(0,-1,0)	(1,0,0)
10	(-4.48668e-05,-0.000195368,0.130001)	(0,0,1)	1	37.7077	(1,1,0,0)	(0,-1,0)	(1,0,0)
11	(-4.48668e-05,-0.000195368,1000.13)	(0,0,1)	1	33371	(1,1,0,0)	(0,-1,0)	(1,0,0)
Distance traveled : 1001.13
Time traveled : 3.3371e-08
#event	position	direction	Weight	time(ps)	Stokes	er	el
0	(-0.00336071,0.0019972,-0.999999)	(0,0,1)	1	0	(1,1,0,0)	(0,-1,0)	(1,0,0)
1	(-0.00336071,0.0019972,-1e-06)	(0,0,1)	1	33.3333	(1,1,0,0)	(0,-1,0)	(1,0,0)
2	(-0.00336071,0.0019972,1e-06)	(0,0,1)	1	33.3333	(1,1,0,0)	(0,-1,0)	(1,0,0)
3	(-0.00336071,0.0019972,0.024999)	(0,0,1)	1	34.1666	(1,1,0,0)	(0,-1,0)	(1,0,0)
4	(-0.00336071,0.0019972,0.025001)	(0,0,1)	1	34.1667	(1,1,0,0)	(0,-1,0)	(1,0,0)
5	(-0.00336071,0.0019972,0.026999)	(0,0,1)	1	34.2333	(1,1,0,0)	(0,-1,0)	(1,0,0)
6	(-0.00336071,0.0019972,0.027001)	(0,0,1)	1	34.2333	(1,1,0,0)	(0,-1,0)	(1,0,0)
7	(-0.00336071,0.0019972,0.029999)	(0,0,1)	1	34.3742	(1,1,0,0)	(0,-1,0)	(1,0,0)
8	(-0.00336071,0.0019972,0.030001)	(0,0,1)	1	34.3743	(1,1,0,0)	(0,-1,0)	(1,0,0)
9	(-0.00336071,0.0019972,0.129999)	(0,0,1)	1	37.7076	(1,1,0,0)	(0,-1,0)	(1,0,0)
10	(-0.00336071,0.0019972,0.130001)	(0,0,1)	1	37.7077	(1,1,0,0)	(0,-1,0)	(1,0,0)
11	(-0.00336071,0.0019972,1000.13)	(0,0,1)	1	33371	(1,1,0,0)	(0,-1,0)	(1,0,0)
Distance traveled : 1001.13
Time traveled : 3.3371e-08
#event	position	direction	Weight	time(ps)	Stokes	er	el
0	(0.00230523,-0.000810598,-0.999999)	(0,0,1)	1	0	(1,1,0,0)	(0,-1,0)	(1,0,0)
1	(0.00230523,-0.000810598,-1e-06)	(0,0,1)	1	33.3333	(1,1,0,0)	(0,-1,0)	(1,0,0)
2	(0.00230523,-0.000810598,1e-06)	(0,0,1)	1	33.3333	(1,1,0,0)	(0,-1,0)	(1,0,0)
3	(0.00230523,-0.000810598,0.024999)	(0,0,1)	1	34.1666	(1,1,0,0)	(0,-1,0)	(1,0,0)
4	(0.00230523,-0.000810598,0.025001)	(0,0,1)	1	34.1667	(1,1,0,0)	(0,-1,0)	(1,0,0)
5	(0.00230523,-0.000810598,0.026999)	(0,0,1)	1	34.2333	(1,1,0,0)	(0,-1,0)	(1,0,0)
6	(0.00230523,-0.000810598,0.027001)	(0,0,1)	1	34.2333	(1,1,0,0)	(0,-1,0)	(1,0,0)
7	(0.00230523,-0.000810598,0.029999)	(0,0,1)	1	34.3742	(1,1,0,0)	(0,-1,0)	(1,0,0)
8	(0.00230523,-0.000810598,0.030001)	(0,0,1)	1	34.3743	(1,1,0,0)	(0,-1,0)	(1,0,0)
9	(0.00230523,-0.000810598,0.129999)	(0,0,1)	1	37.7076	(1,1,0,0)	(0,-1,0)	(1,0,0)
10	(0.00230523,-0.000810598,0.130001)	(0,0,1)	1	37.7077	(1,1,0,0)	(0,-1,0)	(1,0,0)
11	(0.00230523,-0.000810598,1000.13)	(0,0,1)	1	33371	(1,1,0,0)	(0,-1,0)	(1,0,0)
Distance traveled : 1001.13
Time traveled : 3.3371e-08
#event	position	direction	Weight	time(ps)	Stokes	er	el
0	(-0.00145968,0.00147327,-0.999999)	(0,0,1)	1	0	(1,1,0,0)	(0,-1,0)	(1,0,0)
1	(-0.00145968,0.00147327,-1e-06)	(0,0,1)	1	33.3333	(1,1,0,0)	(0,-1,0)	(1,0,0)
2	(-0.00145968,0.00147327,1e-06)	(0,0,1)	1	33.3333	(1,1,0,0)	(0,-1,0)	(1,0,0)
3	(-0.00145968,0.00147327,0.024999)	(0,0,1)	1	34.1666	(1,1,0,0)	(0,-1,0)	(1,0,0)
4	(-0.00145968,0.00147327,0.025001)	(0,0,1)	1	34.1667	(1,1,0,0)	(0,-1,0)	(1,0,0)
5	(-0.00145968,0.00147327,0.026999)	(0,0,1)	1	34.2333	(1,1,0,0)	(0,-1,0)	(1,0,0)
6	(-0.00145968,0.00147327,0.027001)	(0,0,1)	1	34.2333	(1,1,0,0)	(0,-1,0)	(1,0,0)
7	(-0.00145968,0.00147327,0.029999)	(0,0,1)	1	34.3742	(1,1,0,0)	(0,-1,0)	(1,0,0)
8	(-0.00145968,0.00147327,0.030001)	(0,0,1)	1	34.3743	(1,1,0,0)	(0,-1,0)	(1,0,0)
9	(-0.00145968,0.00147327,0.129999)	(0,0,1)	1	37.7076	(1,1,0,0)	(0,-1,0)	(1,0,0)
10	(-0.00145968,0.00147327,0.030001)	(1.22461e-16,0,-1)	1	41.0409	(1,1,-0,-0)	(0,-1,0)	(-1,-0,-1.22461e-16)
11	(-0.00145968,0.00147327,0.029999)	(1.22461e-16,0,-1)	1	41.0409	(1,1,-2.44921e-16,-0)	(1.22461e-16,1,1.49966e-32)	(1,-1.22461e-16,1.22461e-16)
12	(-0.00145968,0.00147327,0.027001)	(1.22461e-16,0,-1)	1	41.1818	(1,1,0,-0)	(0,1,0)	(1,0,1.22461e-16)
13	(-0.00145968,0.00147327,0.026999)	(1.22461e-16,0,-1)	1	41.1819	(1,1,0,-0)	(0,1,0)	(1,0,1.22461e-16)
14	(-0.00145968,0.00147327,0.025001)	(1.22461e-16,0,-1)	1	41.2485	(1,1,0,-0)	(0,1,0)	(1,0,1.22461e-16)
15	(-0.00145968,0.00147327,0.024999)	(1.22461e-16,0,-1)	1	41.2486	(1,1,0,-0)	(0,1,0)	(1,0,1.22461e-16)
16	(-0.00145968,0.00147327,0.0227627)	(1.22461e-16,0,-1)	1	41.3506	(1,1,0,-0)	(0,1,0)	(1,0,1.22461e-16)
17	(-0.00136392,0.0012922,0.0196243)	(0.0304468,-0.0575736,-0.997877)	0.990099	41.4942	(1,-0.562657,-0.82669,0.000381615)	(-0.884,-0.467487,-1.08255e-16)	(-0.466495,0.882123,-0.0651286)
18	(-0.00128772,0.00106762,0.0136956)	(0.0128425,-0.0378488,-0.999201)	0.980296	41.7649	(1,-0.112117,-0.993694,0.00143834)	(0.746502,0.6652,-0.0156026)	(0.665259,-0.745705,0.036797)
19	(-0.00112359,0.000642549,0.00408969)	(0.0170666,-0.0442017,-0.998877)	0.97059	42.2038	(1,-0.385272,-0.922802,0.00152164)	(-0.832923,-0.553295,0.0102529)	(-0.553126,0.831812,-0.0462595)
20	(-0.00109416,0.00047816,0.00160271)	(0.0118104,-0.0659512,-0.997753)	0.96098	42.3175	(1,-0.891171,0.453666,0.00116783)	(-0.971982,0.233508,-0.0269402)	(0.23476,0.970116,-0.0613455)
21	(-0.00112572,0.000369324,9.97507e-07)	(-0.0196563,-0.0677802,-0.997507)	0.951466	42.3908	(1,0.992842,0.119432,0.00100725)	(-0.058418,0.996073,-0.0665316)	(0.998099,0.0569646,-0.0235387)
22	(-0.00112576,0.000369189,-9.97507e-07)	(-0.0196563,-0.0677802,-0.997507)	0.951466	42.3909	(1,-0.847048,0.531516,0.00100725)	(0.960429,-0.278525,0)	(-0.277831,-0.958034,0.0705728)
23	(-0.00126088,-9.67614e-05,-0.004999)	(-0.0269095,-0.0927911,-0.995322)	0.951466	42.5583	(1,-0.846951,0.53167,0.00100754)	(0.960429,-0.278525,-3.91758e-18)	(-0.277222,-0.955936,0.0966142)
24	(-0.00126094,-9.6947e-05,-0.005001)	(-0.0269095,-0.0927911,-0.995322)	0.951466	42.5583	(1,-0.846951,0.53167,0.00100754)	(0.960429,-0.278525,-9.29408e-18)	(-0.277222,-0.955936,0.0966142)
Distance traveled : 1.26505
Time traveled : 4.25583e-11
#event	position	direction	Weight	time(ps)	Stokes	er	el
0	(0.00146265,0.00143658,-0.999999)	(0,0,1)	1	0	(1,1,0,0)	(0,-1,0)	(1,0,0)
1	(0.00146265,0.00143658,-1e-06)	(0,0,1)	1	33.3333	(1,1,0,0)	(0,-1,0)	(1,0,0)
2	(0.00146265,0.00143658,1e-06)	(0,0,1)	1	33.3333	(1,1,0,0)	(0,-1,0)	(1,0,0)
3	(0.00146265,0.00143658,0.024999)	(0,0,1)	1	34.1666	(1,1,0,0)	(0,-1,0)	(1,0,0)
4	(0.00146265,0.00143658,0.025001)	(0,0,1)	1	34.1667	(1,1,0,0)	(0,-1,0)	(1,0,0)
5	(0.00146265,0.00143658,0.026999)	(0,0,1)	1	34.2333	(1,1,0,0)	(0,-1,0)	(1,0,0)
6	(0.00146265,0.00143658,0.027001)	(0,0,1)	1	34.2333	(1,1,0,0)	(0,-1,0)	(1,0,0)
7	(0.00146265,0.00143658,0.029999)	(0,0,1)	1	34.3742	(1,1,0,0)	(0,-1,0)	(1,0,0)
8	(0.00146265,0.00143658,0.030001)	(0,0,1)	1	34.3743	(1,1,0,0)	(0,-1,0)	(1,0,0)
9	(0.00146265,0.00143658,0.129999)	(0,0,1)	1	37.7076	(1,1,0,0)	(0,-1,0)	(1,0,0)
10	(0.00146265,0.00143658,0.130001)	(0,0,1)	1	37.7077	(1,1,0,0)	(0,-1,0)	(1,0,0)
11	(0.00146265,0.00143658,1000.13)	(0,0,1)	1	33371	(1,1,0,0)	(0,-1,0)	(1,0,0)
Distance traveled : 1001.13
Time traveled : 3.3371e-08
